751491
10561123
731316
27740630
13948318
1382306
8963366
20957290
7099426
10216573
16029464
345599
3932731
4112606
8809016
27571058
21028700
7920514
4060245
6816669
1319204
9112465
23979006
4553732
6344966
1193712
1408960
21568382
2101626
4679260
9940314
2341860
3247198
5247029
11896033
14979552
10459732
14396391
10821183
31393114
19443494
2844995
3831927
3848752
2012369
11748988
1537752
22375479
42947807
21010703
1032443
3447493
11993260
12620658
8102646
7834325
28722567
8241428
18365281
19686154
2328487
7761629
7994698
3212368
364631
11435998
5702686
758818
34241304
267115
1200995
9668039
28625196
22910953
114809
3806777
10420506
1758827
30503282
246062
37923632
27123820
3388572
335641
8760773
1813402
29053265
22483363
16167664
1797430
4864267
16294877
25144460
12779856
326083
3410447
1223122
20169240
680134
16914297
6551684
18850036
1528775
6786044
31288782
21787342
35860413
5127349
13257966
106232
2297218
7687174
30480567
11403982
15640522
6462068
4765135
32218922
17026103
17527445
2425653
18973446
6760868
116661
504739
3353175
18270647
20962207
23266088
1145870
6164014
10362964
2974457
13476976
346887
5725900
4229961
1462816
27555343
19292738
2955753
7018021
15754172
16188499
6844504
1394076
14265618
1696933
24535513
17217446
6347805
3603440
1997161
3397451
4017797
27412
11339787
7142060
21490267
12268181
2237950
11840188
5710816
23663699
36782585
43552581
121227
5287459
18929260
18580256
4927695
6637726
603355
8886846
2848874
3951187
18159542
22745391
5185754
7242238
10319463
4846843
8753129
7781920
9021951
4292666
10492088
175653
13532947
22871073
6960007
4506269
24168181
17264669
33300807
14610960
21877571
26435031
15577329
3874136
11937508
18580276
399439
14234496
266717
5021417
4274048
25222903
4792595
33862946
28710458
2735684
12924000
12375679
904332
13350895
24131621
3177122
6270668
26506
18351000
13002305
20594948
21257551
9122877
4300288
15220028
7794898
15880618
11951240
16347806
8422508
6439132
3799595
4032
43532532
19428027
1862887
9446094
19803796
30154562
5996246
6814754
30213683
6601245
9854726
2306871
2964004
657428
2745546
294215
6584655
24892332
2209832
875035
19412446
20991641
2414286
3171413
3076337
8401576
4282238
14784655
7462180
12214846
49855
1985227
10543587
2299566
36037701
19140024
16504749
18935238
15768
2612547
7902883
10055260
38020519
40944860
3356043
30410491
7401085
14369641
20902706
10018417
2545096
20617396
5766944
1548110
1181907
3090627
24253562
11765555
813121
1521919
30415256
17949084
16537862
19513197
12106383
1796007
244339
2462578
4302462
20445881
10058111
25549057
10623285
13936732
5300886
3334520
2460545
9185683
2699634
14296983
10084809
34165059
8227649
5689446
8891680
3861916
1222950
30107439
5949064
2126402
5511107
12125377
40027438
12899418
7946064
12670348
7228860
22091883
3978906
26397680
4146599
8210797
19901606
30580991
4908160
1466658
3016778
16409026
18480421
9659625
990022
11414714
15215088
1031598
17841971
3428537
13043506
15254842
1001707
1353057
3292894
23675448
22743726
1919306
2826404
5894508
36189499
16622970
2508127
10918325
2907010
11167228
15689714
3506477
31462239
10008800
163676
8570091
25988076
19421527
14633659
2090987
3497732
196228
18538125
2583140
10511501
2398875
39300866
21839899
15433
29387561
8152286
5780549
31745386
32474116
17531859
578289
28428029
9564750
26838488
3996837
30302400
32058421
15198948
21742877
26380201
8770988
1633348
5251373
2283120
2370618
85689
27170635
508122
3101621
548189
23701762
8284099
5768126
8527465
20556741
9639366
12270578
21665512
12083445
6672272
2199740
13938035
1953349
8665527
14826230
4127877
23855127
5920775
4576831
16181473
5318773
956988
2281892
34392543
30957536
4890776
3661686
37010073
32253164
10709154
20484330
6021196
3198933
6334867
22332511
4827461
5761250
20724606
10958620
16813765
3337722
18918354
4385308
3375427
15167175
12549338
20697553
2600376
314181
24222188
13316580
13488186
15737845
45586564
22482967
30016173
177946
1385602
554022
13896960
16863403
19823508
836264
7105785
10222947
1583835
14472332
4197343
36902271
26434350
3703098
5675765
6566847
1511390
25798986
4883193
19969219
6901550
4393760
6296543
20074464
15431720
14110964
7231646
4583602
789876
7230858
9111212
10929134
13196342
6011867
7421135
35030554
4047535
5575758
30343201
5015570
27443875
28086921
5412246
18415591
2272335
12317821
29781978
30153584
1244720
22749814
11969650
209128
11588640
9287841
25826210
15001586
354334
21143670
2151116
10062671
18790984
2993825
25332668
3813917
31426593
4216249
17917156
34611434
2187213
8581596
15287987
15941543
4403574
11059506
20189102
996809
1586467
15684234
11982179
20132794
7664149
15995117
1857392
43781320
3341756
3974634
23912643
13836489
41201748
146141
26164678
8555020
7930524
6100379
8454600
25314999
14562196
1418461
2542238
23757640
3725565
1876237
18646838
17847141
7777203
1685878
6011403
31407409
8424341
18819501
4184554
33319424
8807664
5783774
3035553
12945825
29172903
3614515
1500972
12545931
5143998
16850636
5086379
32508912
15122092
18458751
8767815
375557
36304848
37106388
11135600
4278916
2107130
18438666
4657077
27938015
7809569
29737952
4760000
1487276
661732
14087068
2850848
15271394
177859
9806228
2969889
35856435
3259597
1154564
15242235
100310
40006979
39609696
7422507
15622714
37776870
297094
440574
6606204
26005821
31926048
52132
29411841
292596
15307516
6691152
19290217
4363264
6387326
236173
8325345
1583283
21721685
3174075
19271280
102887
5268434
17192899
12976362
10203591
10830156
22214960
252442
5877376
19548400
3572274
28704760
1680307
16756570
14009921
712833
11552378
18231560
2227169
1416906
17146246
6603776
10958754
7326992
604987
1480331
107775
9641961
23393143
37103214
33101900
25492965
28966956
9398266
3465198
2582243
915105
2739541
5764915
2162962
6019637
12581291
491784
3268674
5886041
2703488
21225107
6426500
36361360
4545671
30367333
5929663
5683598
465197
3498280
11624655
10848224
17083921
23240487
318410
14274251
7165860
33179514
13069709
2727914
10081981
7350313
6247937
8955420
163668
26053908
20123508
6657243
8693734
4080088
803980
24752275
5398652
12604030
2709577
1544166
2431544
23424112
10348980
13711740
26988806
6368185
7520573
893006
312685
16990300
4907212
26134113
389374
113288
20814927
6002725
24031083
7074707
6731677
18004722
604124
2656360
12811546
7539034
13294752
7889645
29899615
4250940
15728894
1689111
18383879
9849552
4090078
9052537
32082194
26374043
326230
10691268
14553758
7533524
34396103
2576364
100533
8712456
5038827
12354747
8405654
2000070
2249885
600375
21000683
9856540
11964846
109496
1780432
13336804
5874436
8206968
10376636
29805680
23821248
3624037
194350
3763296
30184
9707221
1263
30351429
4400468
4394638
4078614
762169
18056754
6500474
414942
12376608
22361434
15758344
20020805
2486625
3102130
3462071
6690781
21072776
1677881
15034510
1170878
214923
21629937
3429108
2586936
15155493
18110
34214304
2975972
4582741
5811139
4331497
1550831
11885416
5900886
17718201
10811206
11935000
21368422
3690568
31455572
19775616
2043278
32798346
1574372
14003982
8442219
2018690
6899145
21087319
6213693
12328918
2300095
8636718
4622706
15496325
2566940
13976563
16389656
4855177
10317226
5393241
7994634
12414086
21972067
20006941
20354880
639830
2734646
10898411
809440
27040353
32098911
3507310
625400
31488928
4209149
12633184
1482114
11460905
24182660
9978606
31405744
4273238
749818
6204366
9893191
3680120
12042315
7524680
14088453
21663446
6496361
8330546
3892932
10528349
667595
2038463
2020956
17142783
7887677
36224153
33966
28074145
2552244
31341043
7193845
14163378
557221
17633104
12116242
9990001
23873029
16239549
10470775
9702171
34857818
7331
7945770
28792351
12811226
6408435
3481400
24517642
7868532
12816428
34931683
11649748
3600278
28935709
3653267
12341974
18424290
886401
10731637
1694920
22081342
9320489
4596258
10318870
10912153
1837083
2500670
5597441
10843565
13496992
14612250
30335431
1590192
415478
21514253
4495298
9780042
19998646
19822157
33024840
5540225
21373607
11871435
7634015
17449877
2621658
1640691
35114820
902026
1551748
5752314
4770527
6889338
19782497
1885025
5542624
7497258
6449091
5070315
14886364
10219299
5288698
10044256
3274303
36608178
33855834
10933732
11886144
7981644
36203239
3010572
4019784
4702212
311227
8077306
13757051
337596
16162383
217000
6413036
7811947
507360
17463304
4950299
15011154
13747459
1843337
10159913
1752362
35019240
8583982
14130004
6481089
1037110
1120446
23101607
10654765
23716
22441526
4403337
14937186
7401428
728970
13391031
8225347
2855448
1107238
45434
6767911
11155135
426559
12921116
13130964
22540266
12226295
919130
20351373
28117572
1345200
23838199
16853919
16521393
13159082
1308181
18133228
13197428
18540926
10706422
21385058
5528726
1953560
19740127
13848571
7591914
514099
497075
4159052
5451465
24177554
4662283
12398687
21763740
4451643
5462583
5696626
15502310
10126490
10468625
7446839
35809626
4794171
10743172
29907789
2698083
281317
17504738
174231
8671616
1036022
541199
12916738
5670246
29244657
10067677
24282872
2362492
13746927
4426540
15414385
3176759
32314749
1567839
24404720
17068150
9164314
1288875
38782982
31956448
2652562
394533
40730227
44799958
17373983
1835799
6494261
18051529
3065498
23892485
2100772
3411516
9078762
183342
19204118
25479582
3920636
590729
9293778
18180776
23173545
3048886
2547882
24264318
146853
20408681
3062212
1097914
30880906
5373680
13426212
14921370
5577088
756006
1658979
117020
30084430
7841510
31539204
18294876
39511406
2967884
25909581
2274737
9361439
2363253
2814964
15387370
1710305
11064821
10605629
8005564
2367117
3738943
14209681
23987270
3073922
6515509
31309818
1259253
10128281
7412648
734204
3523036
5345192
980029
13747825
364333
3371962
5838350
1461369
23668111
726968
27168552
16900692
6718350
8889392
15183357
8517171
19079909
19231692
34085230
22895250
114912
16180044
27329918
16658051
11445479
26109639
6923000
894299
20701774
241058
19862669
19676321
4227402
3746883
2053224
6900942
2302963
26130952
980596
16459931
133421
2384449
22978324
4517896
33326716
4183732
12873128
8417938
3247041
1772548
1882912
5786951
24400405
1228762
4712917
1758680
3013344
16367564
22537455
10196865
6880184
2303317
99941
13133376
4544389
3171871
1690687
14098581
14519235
26356781
10419234
7364627
9016611
5037627
8481643
10414866
19955600
22930712
7837334
4522098
5503549
751344
3700112
5423798
13008850
41246281
988730
14463604
8159103
2861956
14069432
13209590
24613603
3423785
23352242
12108985
1993196
5715080
32716468
8391762
36394563
13629615
15043758
12412692
3840925
2372120
9041200
13512891
7149824
13855930
11651346
2744842
2290954
1150568
9391233
17339593
5562703
5862366
1467346
26380287
37679312
12734989
16384865
9594056
7992168
873632
55760
33566605
3675112
3818597
3094698
444301
5809486
1233734
13591225
14711978
9775713
4519588
10082398
32524478
13475796
37506409
41942002
4375702
8443002
19514606
3324736
9638127
608972
29268470
4520783
1457218
5530465
5601745
1932642
5096436
2241215
6073026
2747962
33348513
7116881
28902393
8492871
25043694
4073616
13661609
13054059
545756
33674983
33473720
1156443
290479
11583426
36572732
1476515
10090478
256760
9640728
19699105
16461947
4039520
7019516
30353047
6839752
6583338
14664862
1484462
5589892
24996543
4378813
3558846
9432147
42364656
1848726
1724484
3509984
14746375
2375182
7367308
7933256
19436257
7286536
10926196
11968672
103669
18797113
2949407
3541165
23531904
13963922
12177216
1335320
271402
447823
25538646
3203566
12084432
28413965
21327992
15906629
15852201
4826055
3796109
1676264
547430
35458750
4786990
6155957
10456974
29119801
14104828
14098355
8576528
5383416
7942239
4975054
8828898
15189864
17717680
23229682
5911598
2028924
11572617
5618699
20851298
26864199
7334654
26669429
7283170
16185120
22172907
20527920
19691790
8510567
3556795
21760652
1124494
8268444
14421162
20206807
2262939
24439695
23387304
17293393
18712654
28774272
4920656
23199969
3818470
1089718
844122
5046800
18535749
18882062
12728567
17484398
5222769
10246824
666091
5696841
3688214
12299134
19534591
1214582
20475303
21423443
5934267
30739217
5911564
1135159
3931327
4102682
3848909
21869710
996361
349563
28266768
1822126
5648280
9779201
101285
33614812
4012884
24384725
15308522
2870005
2968446
22706314
527017
14262601
336398
15524231
8757941
21347171
5174686
543929
71780
820548
31916652
18274424
986601
518999
12623412
8311345
6935628
8801269
17775
4488936
30389002
20417017
3803309
23311285
8291070
1542285
2312488
6556300
16954544
38095371
8217615
11787920
19980014
14707761
22737044
6743511
63810
38802274
13162469
29151341
9306715
1871482
2842678
1138206
54208
29895808
22376
4015210
1224274
194638
105822
8381530
6241011
19583722
12705866
26138641
3597274
18420488
3058218
42365910
685297
22417293
29256594
1048684
7697692
11983980
8245144
11552814
5743098
10944536
3001708
14343896
4866185
20568849
518745
25661493
17771187
3348121
22287209
9502035
13031439
27237602
2260095
4618866
514241
18611720
12289479
20181215
12282182
3514549
12050288
5225600
24125892
28785613
40204407
20609879
8221908
9957579
7593880
1763018
20090562
65298
24755171
5243157
3376257
8500123
5455471
20228239
14060944
5220970
10630313
1736831
21623252
6484697
8521652
8456725
14416565
25256699
28935184
40435234
14673892
10948422
28744166
2338007
7558659
20732313
4578491
17165612
3080741
10512640
19590628
2148026
11319882
12308425
9578861
20770655
64871
1118271
14538802
9653419
174799
359108
9342523
8577834
17844748
3737133
10669341
2396485
386380
28959442
29683485
10559130
33990139
38155112
26725874
899357
7622776
1336471
24248837
7521554
28882660
13340785
9486512
18845240
18830903
4328850
1269305
6521012
8783258
805473
40319480
2248088
23465128
17964893
20570504
7506710
787913
3793094
4908968
23551630
6618280
3160020
11760957
17762343
8753077
2952252
7933454
7927187
27009301
18033482
1985252
38386477
13986549
28287483
18393275
1099622
8687693
7662826
2032216
22496830
17513753
27239549
16830712
8356976
4116950
2487668
30900168
5183694
26135248
15202144
3577961
7206116
2019548
19551123
3342425
1362635
192220
5327030
6197154
2374755
23147129
15590864
12895588
111397
2660331
3124295
3277601
7610066
3798259
12813033
7036920
26785524
2650133
434344
29942446
2804127
11059546
17681895
775434
10097556
14171080
14412517
6463592
10168930
10457489
23150848
2675506
3544395
36888782
24583150
2496095
4559432
109655
2145631
9158906
10509876
212800
22969128
223
11676522
907550
61964
9916151
142140
29745579
11927
4862626
12175611
21363624
2950445
6099828
30652214
27093211
7857768
17824989
1805886
3738365
16518927
2163485
2474983
3013304
21030474
1575947
1071207
20970224
10015538
1267443
8709658
21302154
24899068
3158158
31098408
8592158
11685007
20304466
31353866
4395223
13509767
2062563
8133034
5632545
30560227
11727735
2235617
5995652
16089118
9248381
38753743
3832265
3379783
22436238
332764
28316153
2176335
818619
31691905
29156735
39961463
18957341
6108693
2894650
10612726
32475838
2460381
2281534
3583718
18046088
7558126
6592606
14953839
23800665
31565055
241397
26264959
20565080
2716680
1558966
4418618
13414477
20321514
760663
9690975
7376684
35131385
13862706
501686
1175201
7746277
832092
19942143
23708993
22341593
13795255
1346816
1670030
687442
8347733
21297381
4875318
1121481
17576671
8969885
30476518
10662144
16252091
7220105
2638961
38845436
34103922
1247491
19439031
1072329
19861341
13287877
4608924
1727134
11654174
968091
1563658
108051
18904326
5104613
4790764
2017593
39546056
4421512
19970106
14410189
7720968
32802067
30583522
20775067
3032492
1548101
39624477
27875527
2169244
2956051
5888731
4648494
9780413
18866112
18674040
9982964
310875
20370450
33112784
5018204
8680578
30890160
487835
5560359
14535313
4731845
21967862
4301175
30865661
43560
5711360
8617823
2043867
3342702
2022099
9591806
23929901
22529864
35805963
1720262
13215835
22200035
33624449
37591409
32305327
10499822
19418
7977167
9409524
5606160
31236854
22526958
1681351
18854306
23647571
22154990
22175774
21512508
427576
22681711
32047770
75682
8055496
26416887
4741766
34016131
403516
20188033
18710343
2119427
39010235
13289327
6300074
3143387
1875892
13582705
1856591
5650884
45073701
7719460
4351390
14018523
10306938
1938613
1705231
14752805
23804639
1042076
3356051
9540897
5601393
15849258
28372410
5781462
1091639
2542614
30020700
22047046
31506087
20129772
15482978
4874001
1324493
4305100
10921923
5024801
174229
13182123
6224097
15251544
8735231
3318165
905732
3379675
4831099
960495
7589757
11664322
8740152
23777032
1336295
20074616
3805106
31995665
3978723
10980883
5067258
16430652
25486666
13494825
8301099
8692360
2080895
38273466
22880133
3037047
23220496
1904530
11285376
1048308
9387619
14338412
16773992
4283308
14613025
23189761
12925756
220103
30526155
15329440
7641948
374691
13189335
27837570
13016331
26088089
5460121
35864
17299308
10732218
5283015
6851636
19771524
265357
3286796
4655240
5448742
9459726
27642509
1905099
1883763
3212468
13170107
28087155
1795348
18333897
32470092
12996418
900966
1466253
15926744
19356038
12745729
13272839
14420256
4510788
4609151
9280600
9473064
14740090
1337708
413709
9439062
10974847
13721101
25977936
29688856
14846781
39321268
7435714
2108682
13566149
3768169
1769553
13425576
34586482
11900158
38314460
4712963
5753457
34155281
18662906
12116759
235958
6653635
28870966
34010385
4300020
10334818
1672794
4538080
5214125
24034483
7251685
15852718
1081363
33961362
31067099
16442341
1589578
67085
24990686
14479845
2893440
271064
15879255
7849319
6771224
4788137
283495
23227048
8097728
2340644
17583161
32094720
10218677
13144341
1563931
2481296
16547166
784511
9293929
426392
2548658
2241701
2332082
10961858
28350343
91327
7244857
6864532
25586409
6374660
6575704
10970474
13523889
11350934
501044
39229881
27064658
532509
12840007
1793102
33004814
17727857
21770736
27517538
141931
149879
28237311
35575248
2945814
41995640
31069073
25055205
5929239
41817774
2577834
10545938
10834612
20775972
8243200
17636986
25665880
19899906
5535873
8365638
28004089
21636302
5603256
5829383
2769053
9436158
16516614
3765160
2106075
23183846
14482278
10349553
7325900
15054438
3397282
1872807
8071747
7281374
130268
5005460
1400988
7178298
25735396
11532332
1138577
16791637
2108209
23326305
8857306
3707348
14825517
1657615
23688938
3076382
3620346
3760214
2975560
6691625
14436627
2713683
8458636
11238696
33910104
5066
3322102
16409127
26978165
20887
15504187
7611539
8223800
20550295
16846903
1650313
9488472
10356726
7998728
2605
2619272
18722794
4694035
4247395
316400
35016676
3228807
7374845
3450464
7047294
5477071
6031629
6374336
8726906
16561412
2873965
1605931
13193336
14543338
22502296
36835927
8779887
13406443
6860456
15180187
16870050
958115
16223947
7274593
156990
6562828
327292
4750130
161821
3665616
11849929
18244704
5908296
12323213
64964
20515090
13671821
1079726
16019350
20084232
9465910
17587185
41732591
1452842
14714059
4724672
7895373
5959101
20466965
9299813
33176356
35802276
771680
7830819
7247502
38854019
463102
4367031
3678313
2725396
10301627
36519623
14056958
3816508
13425090
4490299
168406
10873584
29175764
2691953
7814240
22143
36724044
4796167
15851633
9558302
6185427
43761827
18915977
4808596
22984564
8191661
6477249
19343934
8602908
1379086
21518554
20927005
3478767
25903080
1417838
12387727
34258790
1511138
16585005
24982897
18552056
37878746
22556881
15917774
3144948
11995135
40171346
10940982
150435
1425751
9758575
6397235
9301168
31165769
9220
3469431
14101563
8396285
13779745
30520777
14768760
6289256
1631932
21455906
40876326
7631285
27224870
11058417
13689421
5758480
519037
1246168
26208914
11391007
8231261
3028816
5944881
8854452
5097245
351076
29269384
26587185
3750441
32752648
2429844
18054138
18051248
11104436
11858212
772544
20841389
36126607
21409877
476468
258071
8679648
2013927
7050160
7427355
19590641
13015683
34415
9693516
1789258
28440800
25993576
10529538
18816485
1094212
18279469
16701607
16586930
21410967
3962949
326536
3059969
7385096
7168109
7134954
1284096
8139597
25811096
14366976
18362289
10991641
1190568
891407
11836730
16248853
22238586
22135148
283674
14371168
6147033
24775168
12705923
8831312
4220958
5334348
13210658
6573336
3542627
7134491
9781498
6397533
34419
4104709
1476157
28552083
22353582
1470378
2635168
16271009
21746308
4689110
13637132
11959513
23636458
5598220
3012043
2111063
10489052
5989
7412567
14813794
5798534
17014334
4302258
12004868
9218984
30864783
23619713
12234472
6108306
26009613
7371062
11635912
33145971
36097348
26125886
25471393
7365455
3214576
3901302
18525031
5194094
8112159
18780671
16009357
2502097
3172904
345853
12446508
17871790
13034193
2189345
8554277
16170018
38371979
12469308
1138740
5255180
9903581
8668453
13586518
117766
4513516
143683
2860736
464857
10232194
109682
11079169
20619181
2798834
846393
26890294
6789057
296904
19457174
6774399
6775085
4102418
885849
25101954
2568081
4130838
1281961
4687387
38036060
25826365
24700970
24132378
14607621
1697366
4180776
5566486
39988944
4075214
17370942
13215121
303277
12706369
18430367
10754653
10767364
1357680
17671521
7522930
24653560
4237659
2855632
5959746
9701260
10114955
7787463
26248563
2619600
407386
5085213
8226838
2332886
104787
748849
17244286
26479850
7994165
21546403
1658130
14774606
282016
10961597
2544818
3923160
17177776
5117832
23746074
9654803
11426241
7984912
10260080
967545
14894794
29988973
9603254
24223921
4095286
99229
35547748
19222810
1468346
22542433
14831983
2773886
25588578
11647932
980816
5462709
34022558
2572147
27957088
21251954
21750605
31408279
954061
252629
2536354
423513
17448060
26218461
14806098
27384380
16064490
40706284
20460924
27546589
24472845
17295142
3983036
2854794
9256718
921387
20305296
17009049
7867080
18464925
20473658
19926653
6770272
182826
11235760
6162758
28885450
1899398
4764219
1414797
6399902
7259572
21274650
4301321
27028963
3095944
25890657
12471402
14248817
22098607
29737556
3174992
39150407
2256253
11002675
859918
287646
31957436
20449433
22805726
31533136
16408
10429778
2516438
16557503
351656
9876046
22697412
4774114
17225518
3419392
24522456
2845124
39475628
10805663
7538093
16006042
5200519
40834270
18453650
9490411
3182427
10109295
24415530
29227917
29846053
29600134
39563980
7430065
4308831
3179099
9898625
1596921
629160
14779298
24893169
16506802
28267305
26758050
10663153
11093740
7484083
21535684
17621677
4807910
28648356
32575160
16685160
267220
1713984
1104717
4221169
1108814
28784268
10873528
11466740
15607169
2290252
579276
1409098
2818736
301854
37789550
8729686
11438347
4268194
7671521
13040276
13954180
8273182
12094157
7314324
4978465
15941400
14928184
40682850
12484265
15659796
31766902
21095794
21697390
14669422
9045783
28297141
2904234
10522094
2663507
18427698
13404581
13010344
67593
3917785
30270725
7942193
881534
7767650
1316724
5681994
2349282
4158168
2655075
9868991
86547
9033525
5252256
25103329
3287563
19216300
3180502
32869262
42515815
26065624
17160596
18990047
6508056
8620663
1851951
22832812
4389070
34081873
4771928
28161722
9754531
2258252
30608191
21229538
6944782
20853157
34289452
7657461
741401
23761421
32863248
6236631
7562407
2015795
4979
35079225
1942751
13704648
18634915
15142939
6299639
19754000
19400835
24825535
37041892
1072941
2322622
16758126
30689904
25463858
2363842
13879034
26347421
10969317
4240852
1581135
325876
1104222
14577734
20735163
582311
32805913
16759915
1597704
37250786
1794520
33250369
6437565
2138553
12275059
12205760
2315899
3983261
4291725
1307047
3521503
22274723
2174898
579903
5746962
8722009
3179128
15517975
25784968
19387832
2863445
337284
4046188
26547234
814932
23845720
1725264
6998864
1865728
1211744
618399
17773626
4749060
3173804
19616723
43916482
7172534
11210042
1410502
4486449
337919
7110893
24084684
7600513
9912717
7568576
1102920
6918608
41183910
7522763
10203330
6610783
20707762
3750268
625816
716690
29754
3340664
239346
10510323
18805661
3795776
4478949
37114589
29956452
3492011
23279164
13799918
6176042
31261034
6972868
27649349
20601298
3028435
7772002
112753
38954043
7986664
19177566
13890209
12825399
2817273
5524684
19598052
22714504
1565082
3017486
6101530
11134194
199742
2471090
9590603
5109464
23296702
6084003
1049359
1345155
1025094
11125379
8819152
17237978
18043087
10050734
4936401
3914164
4500862
33272143
22956937
804191
1888317
29192687
13202560
4529414
15388330
1924235
9382340
7574467
20976290
33169983
22303428
18972735
21251754
10465903
958666
2596746
7234303
45861
19143402
13946155
579253
314001
1248484
261867
18232151
10399303
3330099
1653680
33880563
12842845
894698
2863324
39978735
11411140
8011738
29200190
8397863
10369246
103119
3340661
6217930
19422885
18389449
1669522
26179323
26652291
3570884
254712
29207871
18552588
16266698
7255560
37800824
22017241
17862808
11630237
17642688
26711744
5862270
22756506
6850108
13873117
404902
9097664
823265
9996588
20983969
41418120
16373101
595824
12837216
10312217
9081235
20204634
32124085
8286424
37746046
12762233
21976052
17755573
19114299
22134337
2847220
8025828
109506
4966103
33900609
1818927
2881287
57184
18336316
19765312
13602727
3696391
1246483
6877680
19133637
11638106
5614394
27398039
8671902
10719359
31372092
17615017
16362141
13992814
4619937
8608360
33153694
17893893
13635869
4865306
16646532
528552
1113708
28325380
21991887
25984788
10110952
9296618
5325023
5849449
1437808
4840601
8006350
27087503
1834449
25058004
6584532
6838494
7874093
19554211
2721334
4060594
31091624
16473777
24653436
28619825
6012288
862084
27451560
26253562
16687912
3597849
2075495
20350645
29224431
14685287
9312156
13143019
29256640
234442
226731
9729751
24336468
35060527
15960891
35174174
7627834
269101
12819590
497146
14012360
20398840
3344565
3109723
13599579
25192560
36997776
1877984
1173504
22934641
5426943
2842346
38822462
23665900
13701703
14820554
2379991
7716842
3827301
15316208
12092400
16007096
5910244
19403209
17265118
8543525
10897888
1985778
17997951
378323
10260600
232182
15691186
9882299
8553793
5700174
9029464
2672178
13762309
11912479
24761910
13198738
486077
2848428
1752050
2073816
2419300
6771999
13588194
274563
14114477
277200
2386128
9386006
2613515
22954857
25818712
37261163
7104803
20025518
982874
6520545
15933383
1565658
18499985
12529330
2026103
15817789
11648285
2756442
14516952
10795492
15791790
18377
4483182
3215640
18445096
8810864
11473735
15608866
26828569
4948073
5972896
37251945
13529072
2247219
10019618
15465383
3705956
4892128
16910503
17024194
9224261
9047841
31698391
5488849
14573822
2674998
1646481
18466438
3495794
1081030
23275553
7666195
3232806
34664
11197126
655994
2803856
3776019
1495918
3380545
5851428
408252
29460760
10911173
10465854
1641865
4137882
10893806
6913114
1417991
240536
2149960
728950
2668170
12324818
36616335
4025840
17458
17924311
7558320
10372234
5661870
34360674
10707592
10003925
25686146
2303293
1563098
3906679
3681011
269614
965734
4211582
27565809
14623851
13237107
1122902
34173006
2178944
532729
103142
18717288
2436293
1533365
13430360
3062570
3991617
898085
3268360
404847
23076454
3740770
7242847
18975921
381457
9229948
1774954
14757043
6712714
14836318
14438331
5872119
4161795
1103982
5317597
3398042
32010056
3698797
28063082
11414126
33343171
18887316
21084354
17251658
43091
9326525
32808692
12882489
34776169
4613254
29881597
1889860
27104698
236197
26226559
15897561
18672745
189716
32124642
15476428
20262681
10519655
9108732
9287381
8329140
10350692
24545145
6694865
36048033
32706256
22756776
268224
761442
6711652
39129428
2569498
4933851
1127328
10328947
9248970
31478669
26589200
23585699
6882680
16338213
10011007
979734
9540629
9063266
1506485
37876510
12475335
1949486
7345690
12694891
22880214
9457551
32753914
7149402
2670360
32047960
17341
3742904
6005606
15990548
13624788
20511828
3144377
1941088
176336
31777681
3587339
16486098
4564279
11384528
29281537
31739732
3403087
2453482
10698245
5162824
4160126
1117135
594336
14120563
1807704
1484018
3447432
12241504
5918346
177089
563400
5186147
18437704
1902766
17339964
37698584
2232818
3692832
13955182
20214582
2719577
4699249
4153155
961541
380134
4543917
1715685
20642684
276268
15722464
236233
5396565
7753340
23510184
10065052
307734
173932
3860360
3401048
3947654
42793726
10503104
12028836
8748286
15106153
1061750
8675022
11493271
95968
1494194
27657843
10769032
15533560
19726434
1010039
5966725
7398333
22015961
4987739
1350920
9372141
12652135
39114278
16060263
24707007
1075107
14435423
13774073
7989404
32216603
8028427
13148200
8387203
16111158
1657001
1825821
13459196
21545042
27946563
333600
8853071
8531842
5890802
31067370
1867829
34783648
3194901
9678084
11092652
15350142
261718
35113680
1286686
20068474
18815770
3404715
5395836
5703364
7037520
26596994
5083400
20255184
21779856
1899612
8441
20553525
5737450
4241545
11381909
1903263
8785246
26963581
223697
8587130
11099620
272711
1621982
16812811
11078153
19904837
3642396
20748332
13554955
23160324
959738
21605379
4352741
5465439
13731549
6258616
919273
3540103
20730445
1956801
22043409
10637005
1422873
2941786
17897125
5724746
22697640
5313011
22955885
12721227
1365169
1260351
4496109
13218510
13143367
2174834
2570479
14564
3672061
28267414
6827685
21127512
9091338
16824817
24109174
9933983
1275356
33230612
55032
18622430
32687366
85628
6819822
18059169
16804597
37049519
3635337
39356439
3652757
168086
10885527
10429939
8184111
30170673
42910602
7461867
5543928
7602737
9469045
15434218
610826
3118882
2036250
5295457
315728
331126
3229854
1304392
5113481
6019834
256860
3316835
3253398
7761901
22479261
2735805
26436312
17245891
6760244
28483427
14515686
3615930
7979894
2537304
14040304
8501507
4197743
22585698
1134811
13502740
8649162
5455856
21726652
12612815
34397757
1963327
12650336
6622004
1576062
4657518
476840
6564263
1427395
30302399
20774600
19122984
3318756
14034056
17416222
2725649
7956196
3235528
3259955
3971224
3525058
25000153
4047709
4157240
7645273
3880709
21911445
2388785
366810
15616192
15016757
8308766
10721077
5393877
1547165
6668803
1948270
4786965
33663707
11954437
14247518
7249550
13404700
17027112
210992
605395
37698340
29339399
13134536
1482070
22190796
38919268
4435656
1188477
8253598
19114553
10916248
43909604
7921903
9502489
31691196
3541703
4297132
7366622
198299
7621672
19713052
10935890
19806080
15854880
1996313
29912631
31165235
15245102
8764306
1606841
6535202
15619016
2233568
14682795
1383329
25047657
22758200
5941706
11348
26938828
3128336
10000916
22399523
959543
2135308
4775821
7788872
1868039
5004153
37148
5661496
22557317
18688320
8302000
9865286
21493661
6348649
8147805
13282464
21067409
501369
3451027
3744879
11893967
4099703
4137562
1730480
3133619
8788195
1469794
10263469
3710924
9763813
9093301
4607547
21193208
10843703
23326607
20000961
5184288
7651463
28404294
680980
467971
10566631
3820949
34922106
12622157
3868532
15649948
3190344
19898681
3336040
13775938
16136059
278642
2310538
33039769
35762235
6099062
2454288
19730594
12164425
9508665
3238638
1428186
24738105
19129395
3504456
1918122
3495089
36567673
9032271
15633
8838556
1869749
2157688
12044081
8609610
3792329
19468054
7833222
1556794
6038035
858214
9506444
102006
1213830
4994141
5175402
17463792
3428115
2124257
11752714
4939998
513239
6205994
20401716
1682676
10390783
4068870
3580838
20236463
8998574
16542074
28513
23300523
2216041
1474077
22314028
5682617
1097195
5271738
25275811
5800319
36864797
18299753
16200168
1132037
12924168
1775323
1974200
29914838
4675076
13244778
11426026
3128092
31965593
3155534
21030410
3379900
15395668
4380642
30705221
14673496
5636099
18598305
807156
11198268
23499966
4502421
23324078
25968219
23876152
16665065
7789333
19562563
5138556
3331514
1379000
34643542
7215201
7857239
40697499
31135728
1493423
3784585
10640175
19441355
3646301
5354754
3861229
8339074
1822109
27022469
6865373
38731587
23504146
16113457
24006129
4203501
14423988
7810065
16102726
2085369
14874790
6224418
6421631
22718676
5519816
1570402
327935
34474275
26607074
5545
13918911
21171342
40117981
14382518
21384514
1726040
33773394
6784743
5879803
13853118
3207535
7474280
12800011
17105040
2433478
7757446
5415880
600033
18409320
521008
12976150
2113944
185149
4538377
4344677
20679
42087661
16512892
10024266
983986
33114949
4030181
6486650
5432154
25594
18242619
21708942
14513402
30488846
1650551
23080702
347662
10707564
15977370
10598413
8640379
10150548
7745879
29507092
30804245
697769
10655622
1677485
13142299
9790950
14915218
5359665
8389319
27406974
26840336
8355462
408738
18729629
9993688
7160291
33130378
15122181
17052322
1042508
154404
3174462
16252072
22594755
26982027
3245585
8366138
3036280
3398291
854201
10649618
15880769
5681273
2358090
2591043
2156652
5955818
6388205
22054702
10201074
29072271
10861329
3976334
27407800
3920791
3494953
9096640
17513471
24197
9571374
38368099
17077036
1152546
1903433
9838812
91375
8067068
18454116
11139842
31324431
7421380
5920867
14855241
6255717
14804754
17709815
11136613
25151840
20256257
12767184
32998253
2034222
12832907
6780561
5179614
25236761
17700496
4414369
8681001
12807469
16435687
20930499
8080797
12288683
4656148
2617545
22695582
3759163
4474830
7207288
5795552
7396747
18095431
10485846
4583168
6548941
9405718
12614587
1435390
21736151
13350840
9959040
36481742
9577662
37322802
5991011
19379576
1053526
1436451
10805527
1740572
30405909
30992322
24637683
23202
9142982
36575049
15212093
23200150
35977390
15076018
13133834
33571646
14000647
34749440
15874714
16238867
16106601
7264672
6358897
9733433
3053660
7431276
18920459
15207637
10829546
8658867
17222190
4501914
13047848
2621647
12857893
4353748
22296286
982478
2907439
25660343
30720579
13623286
1927281
2799137
6847648
20767712
7873754
33581553
31856327
19672271
7916301
12546235
25611243
15301064
40357932
765800
1959690
20773156
5738326
11625043
358906
504009
12830075
25050480
25733373
29516040
33742758
1007944
7148251
19801514
28744710
5958730
269863
20619803
11100781
37206735
13899422
33780761
4994927
6293842
26144761
40651339
14113875
4206229
4337944
2861924
130244
9823654
26224017
7349482
9549407
9464396
15908604
408336
16983936
14724808
43764343
28373204
24883622
12274297
20118057
23488738
6265871
7597481
478922
814210
3501832
6880666
20114255
19734008
35391708
778284
19029755
21080449
28802294
14802001
26913704
685127
295498
22869059
1146649
3504398
1298475
34596520
4416616
2249404
12865677
342954
18912058
4095272
2479576
871285
28619208
13669962
1352959
6409360
6116320
23401376
14259211
19916831
19894502
11310961
370308
16768526
34457444
3225579
12798932
2938695
16547257
4201163
14209671
38016328
12339356
1342014
124103
817398
12318338
5333738
26008668
853619
15321268
42329134
362687
6025276
28196177
2733988
17988250
3958879
7725526
41629546
8293183
18092852
27286018
23438638
30853222
2410336
17787513
29298599
4557327
7765429
38137821
6716621
697096
16162247
8327104
5596738
3232533
3552727
448224
13443171
10616390
22937076
572633
31303440
3896994
1143961
10411044
518652
20481865
11295264
11025116
4660846
8792573
29755487
1135122
2448538
3208532
32907697
11237386
10907904
3741920
12596460
2071687
4597357
7055713
2302618
17362760
12814480
5650587
7304868
3810629
1053301
6326946
30254934
245051
16511616
5337754
32055675
27684775
32731246
454717
6576756
23433082
4263494
18072164
5283623
11279838
14759953
15721585
957394
6733344
9869132
5013580
20085452
948476
11315628
529390
5922190
24745510
95437
724855
1235812
27083505
587679
31630592
14418563
3288328
4117210
7573362
2577188
17578230
14418663
34226132
7521062
37157586
34785429
7126343
28884098
7412638
17738220
18108727
1174537
1969605
9578235
2578662
3159596
6738906
7265545
3988164
18578709
9781499
13402702
4075048
25997242
4525188
704385
14696017
9463750
1566067
1446539
118759
5017567
21679621
12250136
4149819
16901440
2110494
13140468
3904317
24293295
514474
402922
4630911
38165223
18100949
16856656
2347153
20526249
19621
5743080
9251214
3824928
5710800
5970592
3389157
2984613
9779668
28431701
18851551
394996
18343562
2192563
12207074
2384013
1662275
26458816
5545829
8471657
25200510
1542386
2087291
13364840
18649092
17143958
10434445
5343045
17100105
23864865
4982534
18895627
26161056
30564186
13776268
8314615
14943895
11699508
5188991
5118288
19443708
2769851
79713
6553671
9526067
10738569
152517
14354414
2298039
25789859
2722655
861056
397122
19188008
216174
1323603
1360025
1522456
11205107
1135120
20492653
2309306
1271200
3890890
13561438
3599992
6868786
1402219
20705203
25450019
88887
7503767
15115475
18878108
6167578
1733162
13840790
4866637
7553259
26239359
1257507
1445687
952946
6302553
8164067
3116801
15043019
3174608
41659576
23549283
10884412
21882029
4930769
2618953
4234437
14444402
481991
7496786
19734348
28967877
20570102
33754210
9430022
17882826
26929470
2872584
14099064
992977
3047028
9582126
6854137
22163967
14533528
16800436
5503241
9392985
18100899
16287936
12413239
22050565
12957004
40091630
6459658
7096573
9379704
18036886
182602
31422227
2506764
23278306
512205
17394792
9802435
45541860
14668424
4482949
6212664
5060060
1371374
32541357
11881617
13113586
4954029
2490103
15848761
510068
17488900
7426106
36565139
18213791
21901822
6326061
12393175
24451280
1882369
2807402
13316907
11286592
8830056
22360055
4108057
4087480
18235629
588243
5428821
26452919
564631
15603892
5500790
24755545
16519989
14034530
15887501
11133346
18706638
14174371
9329350
24696636
27463743
15211809
681445
21510971
6706539
8514840
31553770
12227322
4565239
17491707
11799260
34066273
5477373
18604254
3723476
1319498
27427076
3693480
9871661
34146193
658917
16934232
461156
11473569
45126611
1112372
31050533
5052936
19731526
2508818
2246748
7643373
11255727
6671334
3174857
23625684
2709000
2971722
12002280
47427
8238836
3321255
561192
21518360
7035011
4716069
6705900
1666247
16324723
6482121
6310488
26546002
5978416
17646981
5472107
2157759
6495296
34329161
2204227
7717818
6936246
6313838
2222903
368558
1101936
26288506
40804064
103460
21365593
3747230
8007642
6508219
209989
34554307
29159701
5795970
5481982
2079943
510920
8185637
31035047
19730538
1871811
29272515
1255032
5922522
14250477
14676086
24186095
1082806
5566158
1130892
4752354
1866173
1354635
150678
21168405
12547139
23757928
12489518
12278135
13690557
17729650
27667938
10927772
22292287
13312267
238504
2542960
2219233
2082105
1329699
115891
10876337
6372048
15085560
1820060
11641316
23411972
45250224
6921868
7261534
11297835
15208998
6732306
7728835
24104388
10361517
5764438
22950975
13918581
1409520
11468695
9209157
3630806
2777990
2818919
4242372
38410148
641821
17453252
4936341
2725253
9256262
11873927
6870849
28389283
20070351
31800337
2871657
19197982
4840154
736092
14898593
14476054
8585513
138139
1772659
1797536
36073402
435944
3059353
172909
1005599
22136
18948151
4053247
5872523
7989394
10595255
16383671
7737147
483609
13018234
21150208
1193118
5469544
40374854
8372047
26790576
1188593
35192696
8613
8774008
4283989
7731319
27841081
41641784
9904314
23242425
7946032
8844662
4981437
12670539
20828503
19550218
27356200
5979315
13453492
22641565
3343606
4961916
28279646
7677040
5794483
30534580
11376696
7029879
177821
7541769
5505899
938532
6407370
4865643
10108464
12663884
1754404
5181528
33705957
5548560
2096493
6017498
7923656
26285156
18942635
33690226
8587354
4702599
18550510
948356
29602578
23752544
1946169
25241800
32324812
2243933
3281168
20175781
96559
4427320
8197237
20392985
6118560
8073952
17504090
15492951
18127985
32239928
12085947
5157885
6964416
33067750
38439610
6211940
35928137
17993295
13837184
5236888
188270
5998702
5431511
15525464
16893373
22591739
34671289
14911435
29232871
1736532
14121473
5302859
31260545
4356774
8029486
26195683
9556003
14414171
24008295
21874038
9512209
9225404
27352248
10357137
7921907
2115078
14732080
26001383
24582325
1365969
11154145
18031954
1750933
12759926
9845030
25741865
4379980
1603945
10092007
8608938
23184968
25217836
22049473
4121474
14283010
13402108
14711004
4126750
3830272
299859
7021296
42277177
3424279
9604978
8598838
9630467
6317185
20085345
28380312
5490856
8837479
15190480
39789157
27990010
8176287
3310862
4521017
30643764
15739311
12047147
9332064
7032290
2398968
30491803
12262764
38462781
33279599
2641198
2703474
3963621
4928106
5541492
28027086
35043915
7905724
4339587
25467220
30338205
13751498
37249925
14775
20933409
9742850
12335746
8168974
32541726
1236668
4034296
1016650
775143
14137570
1126058
216249
20804319
11346019
9236691
70768
20748003
27980439
157381
11314693
1075732
18883219
20837362
4873704
12158130
20051294
4994182
5140322
14595328
7646
24693102
1790985
5539776
10304321
2305241
708839
1513793
1370111
5654258
16298432
36558694
1726081
12991239
4525669
4173151
2937938
19739818
11279408
1987812
6396214
3716344
532683
4198136
11860412
7408865
1596364
6212298
283077
3868116
5809739
12576333
12001661
2994135
1815088
22919224
986614
42665364
6049530
7522675
1752272
9510900
19748195
8073647
38229585
38961076
10941544
24618338
2710100
2815573
2384498
23461823
6855174
504103
6088812
3198422
7201462
29263592
270716
18796599
912174
17045906
23299308
6735831
1397197
1133493
2071154
12816621
7447680
9121346
7922185
19377704
338978
11205636
6758042
633370
19643364
7296956
2953428
5572617
1135204
31376720
16109053
17691891
17978158
1483833
4262240
10606808
39552062
437965
6101632
9582866
26664236
29475763
8873117
7176120
12704977
11463158
18838008
9860807
37432873
3669963
7317134
4073852
993858
29810124
16540292
7780469
2356139
24700484
14269403
1394698
16412643
8795271
9014320
23961352
36300089
4145161
1089370
15161926
13021078
20998588
26271967
3873015
1305216
10810194
10017952
19807784
284898
9816510
24212949
1032063
6858306
22052350
14630058
10861395
21369087
15535142
13238559
6797970
19359646
14536095
335178
19294347
9148019
10313278
1801624
14108196
6435343
20202856
771587
2156447
4612478
13116667
348536
931630
445307
1509158
5845633
13507715
20890377
6241234
12396139
28886809
823124
25239182
19873531
25460656
16204701
29513099
9682205
40807900
1838187
28174636
8972748
1604993
12622654
5619104
3994399
6595115
8377764
354485
6171804
7317382
23151233
4890543
26460255
6514203
4732180
10255363
7785078
19468780
1930762
1500540
431366
17843866
23660881
1631049
18238827
6355285
18712349
29410098
6221922
32105779
6779488
4844975
3506184
660767
137142
3104802
5784932
24826921
7178760
5496660
1064284
6343454
33198992
14653259
9428914
4303050
29209574
10587619
15117668
13710480
9470235
4770209
9943266
4665163
9181393
26120892
14048771
407446
4071112
4915718
14648598
33773184
30757344
8337
2652854
2336131
10277215
498317
717995
12832206
12849942
850456
17412285
5128032
7319509
13708268
4035142
8142760
12574839
31743130
10840521
346140
325913
7014294
2070311
1324238
2883470
16727177
27943131
10986998
3563909
31290480
3897732
7357558
15161137
31568352
17904122
8666470
2109894
775064
10118326
2860318
16793855
38878082
3656847
1843970
22273142
34255973
384029
28603481
1045553
2238179
20941679
8751918
9389571
6801437
12421927
3065456
23201850
3111214
12097764
24610265
3056729
33836614
2576642
10903881
786928
8902741
6934125
3998893
18787738
14020836
31137942
4510753
38611136
6336046
6839903
5772676
37302075
18661321
15910837
22123376
37985334
2911863
9890335
1913683
6702509
3447452
15039294
7347617
25824272
8808748
14339367
12742450
2420852
26294899
1565255
4567235
93783
23369934
197082
23619206
19818870
33060507
9547743
13637484
589416
6278052
19338738
480515
2635758
3123582
937194
31690877
26006433
5302849
16780970
15446167
4852984
15166260
17639698
19190380
1308773
4818615
22932971
11291925
8171483
12495442
8179636
11035360
28911197
28416073
15162033
17456174
13621274
10380940
16536063
31389083
1993159
40219639
1481584
35693520
3802301
17140986
3170885
1447863
13060984
132720
6244368
13818691
36680811
22863206
9454238
16325827
5334891
2954722
1157881
28525392
12567070
22925156
1007297
22861154
110676
7024708
20314861
33526242
19306906
234851
4884136
9337013
544746
4262460
2202200
1423402
11348556
2814918
7207095
13932801
14135350
14873918
25018614
7549421
15282682
3916441
12873707
1558267
41076851
22043883
15891393
1455200
16157842
2926889
23353153
20100180
6137704
22896181
9402554
7279074
31272575
186783
980643
42878578
16310575
11167346
259373
12376134
10313718
26457514
8833660
10067182
3261865
6709881
12527955
1878043
44544647
13249406
13211958
9400912
3345468
10059251
25579
9174862
5734538
1119053
18463460
9434646
1337840
20282710
12484674
12682988
2620639
25207273
10789406
415240
40632116
3132262
3021447
33341090
831040
4757581
29604294
23348043
18890297
4737792
12267348
17672381
6312990
4312431
7711884
12037675
6483549
5552865
37259520
12316860
10852004
31515195
8484628
1099005
36026011
2018245
5653858
10744568
13704829
18594728
45665690
1539159
94698
10828446
1929380
20063792
12512313
12539335
30281034
9191234
19334152
4609976
20329184
5775535
42711113
22931734
3063308
348244
7764641
8255016
21479710
18425296
11066454
941242
7698557
28405332
21210219
7602665
1106672
7729339
15487028
3385618
1069371
2795298
3179516
13325988
12466673
7969862
39495031
3365054
8812582
20176916
12130779
9295813
8336056
7794045
10219585
1268519
13718594
1764711
38744059
34322810
2273189
11184873
4673897
5608062
12431165
1871471
7424432
23781345
4026558
1532533
1522666
3912750
6892907
26249193
4221971
24854230
5665684
1977814
11608558
13796481
3084126
5294703
3377431
9123154
22759932
33836558
10609175
24955004
5012
12859132
646018
188584
15439104
3716966
16240924
2490586
10041509
34750
14935846
29087770
10948671
8082139
11692645
4133453
32824188
8995772
486008
30173776
17978546
22343505
3649897
14766008
673346
10245588
25054615
29805210
18679661
7454641
9828840
3922977
7343974
2482857
2086452
12585250
18786435
7598585
12288
7486000
575263
9986975
3066833
4993665
9864162
147469
2563629
16290747
8718915
1461698
1334996
16199073
3902298
4235638
6484401
1172412
15816983
8548807
12985888
13267805
19606511
10836000
4961439
8682492
2172169
17206506
8425490
34959329
37506063
3083113
31012174
8049082
15980130
12247200
19748756
14342143
15939092
14236460
1584710
6417264
21651084
31412887
3349532
2146018
12561566
2623350
16779162
20308951
7112031
3240245
11926868
9613857
19250388
2150144
15552960
4345152
120695
20300024
19774809
16241925
2745146
2309767
16536991
7456834
17446433
13163794
34599889
6008275
21186485
10983717
8725342
460897
311474
2982455
442050
7490870
12605421
14373290
26653778
37869995
1277703
14513614
24013584
2211686
10117976
31030483
10994843
1838640
9778663
35173084
1790551
296866
18601113
8629
3735063
3041651
7550246
4785593
21499609
14643852
1306326
27352062
23482169
18644122
2162349
19762481
23836392
21849426
21355339
10894842
1471069
4246500
7848905
1611030
8148233
16105391
24834847
6201003
7548656
12519448
1032382
963478
27576573
730417
39075945
7396081
4035885
28281731
318448
1876758
361875
12526046
884415
18261142
31566132
10701016
30446211
2293081
20411995
16507055
10825746
1589207
14201097
6095108
210758
6644481
13158309
2477331
892323
3089726
37219525
20490017
7290610
20611346
31424001
34559065
11833220
276101
2189453
1440842
4794065
941835
7567278
5639621
37533680
2865468
215607
17945719
2453288
198896
29632375
30956359
8633034
20229096
55680
9337960
1059340
15622274
3344087
15643962
24509731
34110748
2506000
18418632
36596747
15642174
41785018
18273504
30300754
6176223
8076754
37469320
11248691
1304284
4640219
13186761
484191
8245834
1018458
4127171
2587480
8545630
6541845
24104583
2014680
39521334
6156047
17200395
6926005
162203
22252623
20984506
3188006
23668542
6765621
13909578
5344588
11045518
35402369
24011858
20528135
210661
2189464
4337426
11814289
18182024
1531820
12912859
1466631
2528747
26467229
292144
3088796
8787958
10390925
11380866
10028850
2121428
1304055
476468
12788214
4261531
9558822
4842674
22729310
4409516
17729063
8082199
8842099
14387242
3576415
34959253
14937383
2975039
2599315
3435704
10473064
3033858
1957359
488898
1884648
7069989
1153267
4161962
4484772
9293160
12601394
1031518
1936034
12693320
12559083
9829377
2328157
2102150
17069762
25009905
3535480
1384636
14490987
171741
19753696
14831385
6216533
33466920
6108034
2532500
5830779
35680353
7041967
6446412
35660242
13159099
234481
11000316
7473222
6459555
20824477
44849827
7425631
23882836
20710144
2008994
1741186
1679737
21506540
30405400
15074553
5490848
870860
35146572
27770970
10369213
857880
1551223
23239435
3673672
13020067
30470407
15178150
6702066
306430
3530
1008385
515604
22839835
20525712
28024493
17683244
18457902
28922553
17009388
18583296
30622012
8964976
21355247
46475
10765861
4724741
26428106
4671464
7207088
14827452
20323886
261787
17985603
4677456
405158
12924480
1500461
25534163
12934236
25180344
27175736
4779466
19505911
3250052
16542414
30442815
3586349
10679782
22562717
20809247
597645
24676386
10689355
1953306
30871065
9751494
17492485
17511068
2847801
10767333
22837152
1411340
623659
38961
2509814
11377702
31817380
3334152
33893530
8659884
38724481
22018006
14496324
28095195
1336270
27093195
16049024
11743798
187374
2708048
15662129
4833656
8280696
3192475
21192104
20923609
4138770
17760527
406304
6039393
6730223
3719638
19581186
4245616
42389554
30557880
25087929
9540462
23726567
3375813
962428
9828322
1738766
12903089
6646218
15490035
29158409
18861777
4469258
28992187
28012632
28470333
19806364
8955982
4918726
16441622
27920907
36823593
11611054
8191580
6166366
587981
21157426
648915
39829399
2028186
24421850
27025459
33911566
94112
1139190
5076675
14028438
723674
18134311
8462932
20711319
25437527
6450448
13340929
6714063
1758517
12670469
2097665
5209079
34059622
9666498
10521126
18361730
218803
3417793
893543
14339
6682053
19047000
12536199
1305818
19906061
6340235
10692656
30083289
1818568
14290590
5716862
11691531
12988059
2903958
2311112
29966244
12300542
9615031
14785994
27516335
5827077
9347014
3509875
863846
22075721
41538515
22926502
5223395
19736833
16390997
127902
14027841
8526063
7907106
6952161
16088208
20054920
41428416
18831202
5549726
27802938
2411099
17008764
4771753
9586592
1192874
34623186
3252982
1470400
7918773
2539009
5905776
14591285
7471662
38145695
12694297
22480334
2100306
15630062
27656431
13330495
26855678
12362124
37744280
3501802
395049
3905959
3027662
8043686
765144
2770133
801485
1851606
13238763
4480360
10460016
260493
36224426
17535164
11569570
25168677
6550405
25131070
11395180
40750001
218422
1324713
16304267
2867978
9927409
9470869
1998663
13945866
7937240
14604140
39028536
4155744
1498258
198835
24665168
29198904
17733118
2432608
25693242
4460935
5644726
5482186
27079468
12052295
2909709
6075132
6195207
395004
18139769
8203869
12475205
22536212
9158943
5343714
26271167
7627197
2700517
40962813
24152050
3372916
5161050
42553602
3064808
17649120
39640618
31216849
6759
400582
5326296
5277531
14008817
3137664
3841699
1857592
1876853
2835954
2802884
2327035
18182393
11404942
469567
935259
14129626
27944134
6540830
19579602
656514
7132825
8000276
331709
293546
4627034
12955514
37216619
1407912
10269308
3046015
2121492
37998605
12470543
19503692
2256967
35642358
5853475
688236
2858392
499432
25744456
400066
206962
3689301
308479
4734891
2822727
28969928
5022503
893623
20092599
2356958
2254713
24137734
6350879
13365418
99354
14144051
18531327
263990
9523572
878621
3012976
611800
44714372
1731634
36927987
774976
3739192
11684613
8744428
19727271
705248
7040818
4620170
10328498
8298068
17544152
2348062
2721522
34586065
3116333
11041667
21540834
31701077
3420424
3274422
43563048
50185
27218215
12134846
3452698
11427549
2106391
3650119
16664607
2644770
3605177
342864
5753132
10095458
31119116
2409389
1402876
1102028
11590024
12349610
11764456
10718192
899199
21195853
32865504
9134009
2431700
10586800
3202526
6822959
16376339
25611240
1298951
13030442
11804854
12047786
1021535
10427914
472988
2975703
3859128
154513
7359177
21948696
2745834
16110407
4024792
3885711
2239829
18459781
20420965
13664243
8785152
10335522
1559308
625529
13190037
528381
34881403
4891356
16566714
14073640
19843003
8255703
3304390
2147733
32023447
3606045
2568637
9455387
2758847
6711324
6938608
4761712
28632663
491562
28310373
454181
6663490
37617608
26678612
593185
2122608
23495318
7865382
10486304
3222948
26159200
32836877
8761807
18422420
9493259
2547389
23293625
3676841
8906922
9668118
14392943
2497404
1753154
19746
11971782
15817673
4057158
1859482
6799313
9043696
1197198
26723529
41258699
14937208
3742415
11797514
3302447
21875924
1631656
5496558
2428160
705822
618
11377479
2856591
483951
22086939
9809296
19998648
13489607
670600
5123435
12943768
32449193
579919
12120279
3874460
6047124
31724417
4266581
2016142
8164812
4556988
28576978
15265465
984804
3785377
6624367
2079566
27581855
15219267
14932809
3740495
655655
19628280
5625047
941955
24971625
32995476
29198680
38948
9419676
20978323
11447926
30648220
12124213
797997
7298181
2360855
18314139
11458599
23509740
4012707
26473174
13152678
4050368
591563
18951295
12505073
8468960
18273973
4528770
35041653
8403905
38096791
9257381
3767463
17847482
3565388
12861525
13105024
7807586
34367203
472723
24014092
513866
5229650
2852444
1311486
1799290
11099058
17348127
767509
18317999
15854851
2551822
10211250
13231697
4526864
20748121
5072185
4506374
25335613
4246009
1402086
4010880
15974072
3316880
18109914
32496010
5154228
2725962
33389428
1019412
45297674
3585517
23697833
14388498
7060977
8637108
4553630
4376584
25164824
7968717
19411214
1490056
4842627
2377771
20618106
8674747
2376945
14059185
2286418
10221295
6654190
319008
4627115
9744638
2253322
18214059
1719114
21323372
2450626
13161300
18149924
10359436
721396
3186351
1466066
20515626
11377821
1683264
31787461
820228
3048731
4034434
1583957
5145561
18444325
38906952
18758526
20948738
18154525
758769
22026874
20128070
2055223
1906771
2380235
532870
15938122
36012537
42960575
6640149
29822120
1205910
685186
4162926
18097245
2328907
6567069
10117616
3974106
11021908
1807661
2458148
9183782
11298681
22074480
5801714
7365328
586638
1259409
3948563
5235827
527451
30497537
28126954
15208886
15757583
17126625
1416912
17836746
10721043
21614323
31990828
2675040
401973
37454181
35561345
31482236
905614
356238
2756372
36605558
10834198
9240469
18860130
9873617
90204
1511413
1686626
1993387
24712558
7055151
34265168
15904530
20018407
3967040
1267098
5377987
26654155
5950744
594015
19674598
22848735
3950228
2055379
5712139
17838387
6225648
20531230
13962459
3222201
7507864
3329532
2565575
24544666
19266677
23737591
20091359
826008
15307210
16556538
9734243
1390717
1279898
824937
26150989
27345095
2346630
14185478
11576960
3574626
2246079
1683199
290842
6422687
1183655
10138358
13292451
4426781
8392246
13467545
17753967
21119860
312450
1702960
22322006
261325
27040355
366358
21968081
6901531
9388812
27580866
14255220
10701868
6776140
8800957
100949
1883383
39649
21979338
996992
1632937
19754819
25525428
6286889
17742451
672383
863245
755507
7326422
25161328
1279099
556095
13638198
28743821
8593709
7524150
756408
7302209
12904817
9782852
884496
10409386
11128769
5130400
1097832
26911892
4211923
24574728
4746507
176251
1666464
9300667
5082399
6637254
2406209
210428
22171575
26879770
4012920
16765450
666396
18785244
15246600
11157365
16934513
32970458
2273881
31215365
12200114
6444636
3193234
13301596
22704573
34566653
1243675
9777292
8492801
21106007
10078400
11993438
27798356
26305151
4869661
11170844
17553843
8884660
11929290
2728189
12577378
10841488
15188173
10262898
846489
3549339
24285152
6388479
5234995
8628567
2396843
6947927
6997078
14493275
5571020
4452369
16648148
14127519
25269997
10815660
28607942
1144768
2274734
29393241
18628421
15930713
23433813
28003307
13998146
6891408
7794081
38433920
27097066
34993467
11933734
3171487
3898018
2370926
5440590
14349473
5110802
23158692
8061812
627399
5206985
2576221
2398584
12912004
1435460
10255483
4503261
16084416
647544
98978
13124607
21038509
10290552
11982348
30406488
3098803
828223
3229721
5469496
8443529
5510940
15411168
182145
33331986
1602594
7456316
9751199
5819947
17764368
42511816
489324
22783602
7992783
1220599
21567246
3205641
32194292
5640795
5282147
15547885
1501054
6321506
615720
20432092
2576249
3366197
31727989
3093577
5602856
13909934
8561024
839155
24934572
9144557
17686809
9951473
17220554
7401637
7283994
2635110
6960339
11638864
15852798
10844807
9647914
4294723
12916037
5460141
12689206
32046184
33924117
248596
14284558
8379159
12998662
11439713
19188722
6556034
24360775
971574
23373454
40584155
5666568
10888208
18769408
342960
5691219
20460781
17569074
2333278
2685539
10513623
8639446
10565446
24866866
25184213
5786920
31058162
4913182
11428736
4541181
15290002
22827952
6562846
7607594
10756775
51926
5577656
1418877
1351076
4026804
24740813
18537868
22037348
43848653
12475117
21294174
1221152
9793945
19117285
37375706
29814890
25479604
8649633
8422699
16159377
2753086
3326948
27488386
24932565
17488715
3050680
33551142
3270752
3270893
2566203
17189934
15921387
280908
10567868
24819734
13073842
26127706
14038501
23879484
24197671
2370575
18282986
23661610
12324932
333187
16629217
1713154
16106551
19978956
19058946
27873925
10077542
1154109
8743695
20247992
12876374
5215530
1011850
2828231
2180903
33362927
6143788
3987626
81905
1054386
4195838
8669032
528807
117307
3503315
2088902
30515525
5369012
19804570
449272
9604721
13551436
17800502
19369643
372956
45553827
3757903
4203
8580180
2924803
8387002
7586857
13105578
3526923
7618218
10324272
23326668
23564457
1082618
29432676
9966701
17798
32662834
3847918
7598424
2582648
7446234
31212112
17564552
41268876
32519459
1171605
8689149
13291430
5464305
1002367
1869180
79600
2691827
13990761
17564008
2215378
9783816
3069364
3231138
13436176
4299015
685435
1491009
1206835
22115733
18729008
1972682
2492047
1366357
2350752
10804914
8867999
10962614
4219568
307420
17092780
22265151
8709564
13963633
27433685
1595968
4017866
15507945
3552624
39019284
14910112
23968671
3540418
7469765
40683645
38671265
32787608
33158231
39452601
12522079
18589149
8602385
17898174
13166399
10269285
12025507
17033990
19623052
1855671
10894871
22663575
4806718
2648230
946769
5650806
3722672
9171709
43627633
3300612
15824142
1988119
1612809
3995114
1549311
40226401
16470321
20655684
2807705
13722975
8939823
15446666
26347499
519833
11490196
2099311
22195378
568212
22117316
10482198
6488988
7318368
24537045
10720586
6750126
23171211
26421368
27740201
26577355
10639160
9281207
6276397
26587186
3021252
599421
8436165
4502680
2180680
13381047
10611525
7989860
20804293
26619711
4111458
13091897
438212
1661368
1537453
134043
21041222
7056378
2503987
14201600
985834
323274
17453875
7887480
1192086
5314005
9236864
10461176
5470489
7323252
570853
22164539
16252830
15147716
6166881
4388525
6070698
23424029
6955025
214686
31742693
9914278
31789335
20787942
7292
187022
242779
24876
216291
18617
1034
27387
128187
369010
23569
20593
129894
130161
224158
227906
22848
103679
68911
143847
244676
158940
220064
62047
5205
18694
206735
22129
170331
94039
139611
246842
158316
28797
287810
43654
16111
186048
67427
69687
46349
45582
184248
109744
239417
84750
296900
106322
16019
234843
190728
281615
42512
6676
324209
75607
26166
104138
4594
67926
46385
146738
284381
60155
4804
334500
107391
276849
69008
25181
22038
166236
166762
25050
20768
100988
187508
95807
41390
218486
2842
286314
76500
164593
9776
127648
54471
159498
195575
18466
93201
235916
106879
32081
252294
5238
200963
220241
109375
77753
215374
9318
88604
158126
121968
341372
715
168655
134659
31643
273438
5152
75833
167776
74966
211747
26848
11281
66986
167662
120779
242608
18371
243961
161881
5159
174144
2073
9488
50356
157548
143690
3442
10600
37102
76282
175091
265114
432814
166399
200286
37663
213379
64221
109944
28432
197641
67494
67663
11068
77456
5452
234715
220819
120276
339408
19797
182181
10285
45087
164511
235158
782
89910
41148
44796
88986
414346
66875
135985
117096
332071
64657
98560
134307
123359
10438
323003
223204
101568
457073
33196
25440
247683
20207
72877
4370
189972
43922
42006
8941
1614
13005
191490
40539
114165
404612
94777
5277
63013
-1
-1
-1
-1
-1
-1
-1
-1
-1
-1
-1
-1
-1
-1
-1
-1
-1
-1
-1
-1
-1
-1
-1
-1
-1
-1
-1
-1
-1
-1
-1
-1
-1
-1
-1
-1
-1
-1
-1
-1
-1
-1
-1
-1
-1
-1
-1
-1
-1
-1
-1
-1
-1
-1
-1
-1
-1
-1
-1
-1
-1
-1
-1
-1
-1
-1
-1
-1
-1
-1
-1
-1
-1
-1
-1
-1
-1
-1
-1
-1
-1
-1
-1
-1
-1
-1
-1
-1
-1
-1
-1
-1
-1
-1
-1
-1
-1
-1
-1
-1
-1
-1
-1
-1
-1
-1
-1
-1
-1
-1
-1
-1
-1
-1
-1
-1
-1
-1
-1
-1
-1
-1
-1
-1
-1
-1
-1
-1
-1
-1
-1
-1
-1
-1
-1
-1
-1
-1
-1
-1
-1
-1
-1
-1
-1
-1
-1
-1
-1
-1
-1
-1
-1
-1
-1
-1
-1
-1
-1
-1
-1
-1
-1
-1
-1
-1
-1
-1
-1
-1
-1
-1
-1
-1
-1
-1
-1
-1
-1
-1
-1
-1
-1
-1
-1
-1
-1
-1
-1
-1
-1
-1
-1
-1
-1
-1
-1
-1
-1
-1
-1
-1
-1
-1
-1
-1
-1
-1
-1
-1
-1
-1
-1
-1
-1
-1
-1
-1
-1
-1
-1
-1
-1
-1
-1
-1
-1
-1
-1
-1
-1
-1
-1
-1
-1
-1
-1
-1
-1
-1
-1
-1
-1
-1
-1
-1
-1
-1
-1
-1
-1
-1
-1
-1
-1
-1
-1
-1
-1
-1
-1
-1
-1
-1
-1
-1
-1
-1
-1
-1
-1
-1
-1
-1
-1
-1
-1
-1
-1
-1
-1
-1
-1
-1
-1
-1
-1
-1
-1
-1
-1
-1
-1
-1
-1
-1
-1
-1
-1
2
77
7
52
180
56
14
206
168
105
205
86
33
191
216
137
166
72
5
138
91
168
10
132
19
82
196
164
188
65
142
22
9
72
24
84
5
24
142
41
14
1
21
105
18
28
90
26
145
170
78
148
52
176
195
112
79
68
142
48
68
239
44
39
23
71
9
24
184
28
179
19
47
71
42
230
199
54
33
37
52
62
50
7
130
77
66
9
1
61
135
168
18
167
168
200
163
30
0
212
69
87
85
31
5
279
21
49
184
16
19
10
16
82
41
237
251
30
41
74
152
3
6
198
1
12
52
42
202
27
54
1
11
44
40
81
118
0
154
26
64
50
95
68
2
29
46
98
79
227
24
5
0
52
223
29
76
40
75
61
38
111
99
63
43
40
55
75
12
14
4
239
19
18
117
16
131
18
151
28
89
221
80
29
14
23
56
25
240
133
212
3
30
90
66
65
10
100
105
87
24
214
71
160
109
112
41
18
84
5
52
179
32
195
102
12
67
58
12
49
224
106
35
15
41
114
184
31
39
32
16
215
14
28
95
155
34
102
41
151
256
67
71
67
104
79
100
10
205
9
154
35
17
12
29
8
36
16
32
146
111
61
191
119
11
128
81
198
249
147
7
81
228
48
25
160
23
193
69
152
133
14
140
9
163
40
2
10
125
107
18
18
154
5
115
58
14
46
153
108
33
26
40
81
55
27
61
195
212
115
26
151
61
33
175
4
33
9
74
42
60
134
24
22
63
9
15
112
44
41
82
152
7
95
1
46
71
73
114
273
160
41
184
90
15
25
105
4
74
128
122
83
4
7
56
24
192
61
98
160
71
2
134
102
93
7
151
1
131
36
84
30
144
140
118
11
69
97
42
34
33
114
169
185
43
6
43
9
119
31
10
20
192
1
118
56
23
111
14
44
32
14
229
81
6
16
47
166
138
7
2
16
1
103
28
40
32
278
14
20
3
200
23
39
252
220
142
19
86
34
191
14
49
247
3
124
67
29
142
2
144
172
32
186
128
109
90
2
16
19
35
65
84
132
107
101
62
224
50
42
64
142
95
113
48
58
44
12
65
158
138
9
74
18
218
116
14
244
128
132
57
142
1
175
38
109
54
200
28
146
84
117
45
68
56
34
7
154
177
58
46
185
52
126
23
41
178
167
95
7
1
32
58
10
39
42
120
10
27
47
70
67
107
72
131
9
66
5
0
160
117
62
11
0
35
224
126
49
46
162
24
151
159
8
56
82
29
18
184
244
37
28
9
24
58
123
12
6
9
54
17
46
17
127
77
110
22
195
107
32
58
224
98
166
81
173
90
153
29
18
23
103
7
96
168
54
85
217
26
12
130
176
100
257
23
22
148
26
1
182
174
32
177
166
37
5
96
86
13
88
28
38
18
9
49
161
27
56
126
19
28
28
154
242
90
9
12
105
16
208
7
20
161
46
63
86
139
12
12
195
21
134
178
3
98
168
268
78
28
66
84
56
19
87
1
91
8
42
130
7
137
12
119
33
22
101
12
138
93
52
7
56
126
156
54
18
19
209
4
104
19
49
48
3
9
91
28
7
95
168
110
36
95
20
66
194
84
103
185
71
47
59
151
200
36
115
20
17
24
38
84
90
42
21
133
122
12
32
126
96
104
45
25
84
32
14
28
178
30
240
117
3
25
224
35
6
24
14
85
123
9
33
50
12
72
176
114
12
1
19
23
22
1
3
16
217
21
91
69
40
9
38
101
14
61
11
21
23
71
24
26
14
64
50
64
42
15
36
214
45
37
149
104
23
116
19
12
22
95
96
118
83
66
55
21
12
16
37
33
32
12
128
28
149
109
22
12
46
64
2
23
35
33
9
73
46
8
81
116
212
40
11
80
6
25
25
18
126
166
200
155
12
44
80
41
153
189
50
70
63
49
3
33
86
29
172
23
17
10
61
30
44
208
81
117
195
41
135
34
85
183
9
187
85
44
83
26
9
87
13
189
30
81
22
67
18
5
96
23
107
23
140
94
11
83
28
22
89
12
72
67
52
78
1
18
44
21
14
28
63
43
128
46
49
99
30
176
226
137
161
47
125
32
1
93
24
100
10
42
77
43
26
175
18
87
21
83
79
36
116
40
66
123
90
2
46
144
32
47
54
214
46
111
58
67
81
66
82
18
186
194
37
266
183
169
55
30
179
93
75
109
67
190
37
116
101
59
128
30
118
130
74
1
59
18
26
208
8
79
256
26
68
26
56
84
76
7
19
5
150
114
195
38
35
88
18
10
81
128
223
47
68
59
81
16
144
55
74
6
145
210
57
210
50
200
124
18
223
142
26
46
247
23
83
163
42
82
217
53
70
203
84
6
206
24
54
255
94
179
58
39
6
34
181
101
47
252
10
33
10
41
217
54
24
19
42
268
83
178
9
107
161
20
114
47
19
219
2
88
21
98
111
30
24
48
77
80
193
6
64
157
95
63
96
101
236
70
9
1
50
14
42
20
23
26
12
79
110
79
9
18
17
7
77
47
38
62
11
36
12
192
140
58
1
156
35
98
163
54
16
3
249
138
80
19
239
10
144
168
157
85
75
1
159
12
11
84
64
9
10
18
223
40
178
163
9
79
178
14
160
7
21
37
205
19
5
247
205
182
43
220
23
170
26
192
168
98
249
172
134
58
10
33
177
95
80
4
2
9
12
200
23
72
88
236
205
196
103
5
102
58
110
187
105
56
42
24
17
1
6
49
7
179
22
193
10
128
43
119
5
230
152
7
36
12
37
68
22
56
9
100
43
32
34
15
59
16
128
15
4
9
54
26
73
165
116
166
28
14
175
72
5
24
38
42
104
43
2
9
190
5
195
10
105
24
86
41
52
12
38
16
20
47
2
56
104
137
116
144
116
7
175
38
26
29
95
49
22
18
73
17
42
160
169
70
30
176
77
231
10
7
25
43
16
47
1
114
133
234
247
10
121
81
66
110
212
189
241
81
115
1
133
52
24
86
42
270
1
65
28
19
115
54
123
90
55
5
16
134
12
147
23
9
38
37
10
31
83
39
30
49
48
18
110
1
124
49
150
9
122
152
148
13
39
12
105
1
6
149
244
112
84
5
37
33
112
257
10
73
31
114
30
235
137
30
88
44
165
63
76
116
218
56
105
58
160
202
5
66
51
25
87
132
256
29
24
10
54
58
52
43
23
33
42
81
110
3
17
256
177
40
183
14
36
119
12
16
105
115
50
5
131
14
75
72
115
28
124
26
15
77
36
76
80
19
32
24
114
37
153
101
18
66
100
32
15
159
137
158
54
12
12
9
53
145
4
61
238
43
78
68
88
114
65
212
47
7
75
32
27
16
12
1
72
231
38
38
163
30
116
134
12
199
112
118
78
112
28
61
252
187
23
45
68
38
9
193
211
12
50
24
19
57
28
18
76
126
11
167
45
74
138
15
7
41
195
24
50
29
96
54
7
233
105
177
43
45
52
18
142
14
30
92
10
46
12
208
62
26
9
36
112
114
191
194
29
113
221
112
2
61
107
50
84
18
1
193
4
37
177
120
45
7
56
217
18
20
72
41
47
65
168
9
2
47
242
2
107
207
11
12
4
98
105
65
5
160
96
196
263
9
27
131
18
32
95
37
66
38
256
70
3
152
44
138
133
46
16
224
102
3
52
54
71
186
13
154
88
64
126
110
142
14
64
30
41
5
280
11
104
77
117
46
13
103
164
14
2
211
1
61
52
11
178
207
1
84
175
19
175
144
24
131
148
2
12
1
24
105
95
18
9
164
27
151
266
47
160
3
12
60
79
18
9
1
18
187
23
74
205
6
2
83
50
267
105
86
1
126
42
9
155
105
35
93
2
164
221
21
40
196
11
151
18
61
14
174
5
10
116
61
58
84
56
64
7
39
123
171
68
169
152
174
16
63
133
3
74
67
3
28
83
12
31
276
10
29
14
223
151
37
54
86
55
113
1
9
140
12
9
40
65
193
28
134
76
193
209
68
18
56
138
132
185
23
224
120
1
14
18
1
10
105
85
78
134
115
16
223
105
231
92
181
200
21
77
86
139
82
46
42
137
242
72
68
65
12
39
3
22
7
12
43
146
6
17
49
95
64
18
123
96
114
40
176
244
107
128
256
196
2
21
63
121
28
75
72
29
160
100
50
121
49
71
17
19
2
10
17
71
47
29
65
128
52
34
74
30
37
16
39
34
62
126
70
76
2
3
119
30
7
54
124
13
18
170
9
227
101
9
224
95
39
113
190
30
87
9
133
7
198
240
186
86
14
47
26
144
104
123
81
19
188
52
133
179
117
131
32
74
80
86
46
72
133
157
138
76
136
9
36
270
59
85
98
54
60
159
3
33
6
23
194
50
9
143
142
143
26
11
56
34
138
43
10
95
254
41
24
159
72
28
128
94
1
22
6
173
2
126
26
28
5
9
39
68
191
264
18
95
158
29
195
50
47
40
5
74
149
171
48
122
166
195
32
3
104
13
33
32
7
126
37
130
167
138
147
67
111
95
2
141
159
26
79
29
175
189
21
46
24
142
133
36
23
93
9
48
233
252
112
67
23
11
42
175
224
170
23
56
154
124
7
44
52
105
107
18
19
151
133
84
49
30
3
206
27
84
260
4
249
31
151
50
1
2
62
1
38
2
166
111
146
55
163
58
168
52
68
83
7
1
0
133
228
75
26
171
174
190
156
56
79
38
65
14
91
20
16
125
67
196
80
250
37
151
184
18
8
71
128
115
177
9
55
1
105
168
9
209
41
179
6
125
7
91
4
154
238
42
108
5
15
90
46
67
23
26
1
104
153
7
24
84
213
236
26
8
117
14
100
183
59
30
26
30
50
37
53
167
67
42
122
37
124
97
156
128
208
43
20
16
97
20
45
109
156
66
198
138
3
121
44
60
37
25
19
107
81
59
268
65
205
123
74
41
35
19
25
22
1
235
49
74
27
99
17
94
163
5
57
166
9
33
186
23
56
1
158
9
141
0
228
128
56
78
110
50
21
195
71
205
27
221
160
9
3
146
15
91
1
150
170
140
40
86
212
12
184
1
46
28
215
18
10
1
17
115
80
76
184
9
79
58
38
5
11
215
155
37
59
182
26
47
14
54
195
17
158
109
15
41
22
67
9
23
39
6
38
30
119
76
20
42
172
44
62
87
36
46
91
90
44
102
120
110
38
32
19
18
99
115
206
108
142
74
209
10
68
11
99
238
22
254
98
66
96
39
13
19
161
121
18
122
173
137
11
74
41
7
9
215
184
176
56
7
66
147
37
242
192
49
152
205
12
66
137
191
28
183
151
87
212
18
210
114
42
108
41
3
23
72
201
114
88
63
137
153
32
215
5
90
184
38
182
95
170
154
72
61
68
128
8
277
3
31
11
143
1
40
90
168
169
123
102
5
2
5
26
218
105
74
18
14
162
5
32
182
144
86
138
105
144
116
35
10
34
9
8
5
137
13
12
46
37
59
205
59
90
212
161
182
146
187
207
71
27
118
134
65
89
182
2
20
192
12
209
171
110
59
13
237
9
13
35
205
144
175
58
105
46
224
17
12
13
42
147
58
90
102
2
44
18
123
18
26
65
95
122
39
108
15
26
24
93
19
84
154
104
72
19
131
79
101
1
115
54
1
105
152
209
205
18
26
47
120
71
102
75
25
